,Stromal,B cells,T cells,Macrophage,Epithelial (basal),Epithelial (luminal),Other
BaselTMA_SP41_186_X5Y4_3679,0.18120455343615458,0.1448348512988478,0.21926516167096868,0.3130264838978725,0.012777327190405629,0.029225949289471646,0.09966567321627925
BaselTMA_SP41_153_X7Y5_246,0.007341818762203506,0.02627340228501737,0.014865528219738326,0.011549474086721575,0.08377292822149467,0.8420765481309488,0.014120300293875692
BaselTMA_SP41_20_X12Y5_197,0.1735073208906442,0.14077349344966503,0.21345665885707857,0.34401761226307925,0.012248638644251483,0.014559481201122708,0.10143679469415878
BaselTMA_SP41_14_X1Y8_84,0.13870679089241203,0.13016981816766846,0.1434404036618906,0.12903436044254601,0.11807520477935368,0.24019730789578914,0.10037611416034017
BaselTMA_SP41_166_X15Y4_266,0.19057051018172447,0.16888719964402021,0.20050662603356806,0.3328912999661946,0.010737046313149331,0.017546880711709407,0.07886043714963394
BaselTMA_SP41_117_X13Y3_4413,0.007503721570239173,0.031165432636621113,0.021873168867101157,0.014956890941797571,0.13973650922756922,0.7653956952388657,0.019368581517805915
BaselTMA_SP41_133_X3Y6_1249,0.034141784770881985,0.05945004042994808,0.08243405291620735,0.012543425919056706,0.7634779245701399,0.019562444073863396,0.028390327319902653
BaselTMA_SP41_206_X2Y2_140,0.15972971640073316,0.14733377054655325,0.22660982161089793,0.30895163756105,0.02802354329818612,0.017943898055639076,0.11140761252694055
BaselTMA_SP41_112_X5Y8_690,0.029398828271827444,0.06930545706993534,0.08482248445484611,0.07054870897341038,0.2972514102936085,0.3894683393397278,0.05920477159664442
BaselTMA_SP41_134_X3Y8_449,0.19264004540030266,0.13462525348295437,0.18834689655606604,0.3544602063839031,0.015122794044827003,0.015988525985523333,0.09881627814642348
BaselTMA_SP41_133_X3Y6_1318,0.006859776418276102,0.016212410098536006,0.011985306274811031,0.0040627070800778615,0.9344819867685226,0.01746835894529533,0.008929454414481083
BaselTMA_SP41_117_X13Y3_2100,0.003191953581814414,0.016664700816390786,0.008343850099054294,0.004668057069600151,0.05772705401882602,0.901434279186336,0.007970105227978249
BaselTMA_SP41_211_X4Y6_2201,0.0018335620920315748,0.011018571084854979,0.005226261662934516,0.0028734782559830282,0.05405969659850265,0.9193338644192154,0.005654565886477862
BaselTMA_SP41_203_X8Y8_1760,0.05027889534022821,0.08834041658407225,0.11014754210375098,0.06661077010715992,0.16905780794255051,0.454651870698054,0.06091269722418395
BaselTMA_SP41_141_X11Y2_5273,0.15047013878936596,0.08689007418898145,0.14567446504097623,0.5274191031996606,0.006755752376340778,0.012272720899205856,0.07051774550546909
BaselTMA_SP41_14_X1Y8_930,0.00030312337315913557,0.0034126933265793257,0.001234213327702696,0.0006199385654630446,0.026138980122288248,0.9669115815153286,0.0013794697694788464
BaselTMA_SP41_191_X15Y7_1306,0.08856217526701018,0.10572815184885562,0.25642784970134863,0.18177658778215433,0.1481667986339335,0.08441806999275633,0.1349203667739415
BaselTMA_SP41_186_X5Y4_1592,0.11235236189444613,0.12167649176604821,0.30109228725448944,0.10878339896572196,0.13224673092220754,0.10870797900768336,0.11514075018940334
BaselTMA_SP41_141_X11Y2_5215,0.05817698766967941,0.09554941485806166,0.5467727712646542,0.10137203330078604,0.04507754069315867,0.024640949953592988,0.12841030226006708
BaselTMA_SP41_206_X1Y2_1390,0.0008926378072707396,0.007054622451056211,0.0040351115195633855,0.002007225315230882,0.046835848638725364,0.935784613442608,0.003389940825545339
BaselTMA_SP41_133_X3Y6_2298,0.02081663171083419,0.03346968606723002,0.02941089470080304,0.012806945938559692,0.8598978137798275,0.023111424625053265,0.02048660317769235
BaselTMA_SP41_134_X3Y8_1196,0.11684662418565955,0.145396020037466,0.47860492181252784,0.08945551970920791,0.03495209909179302,0.027199296821389395,0.10754551834195628
BaselTMA_SP41_11_X13Y7_3460,0.08156812626582342,0.12210689515888974,0.30852820554391264,0.20005992533334316,0.1141679740569259,0.05479604168521908,0.1187728319558861
BaselTMA_SP41_117_X13Y3_660,0.0028475641811242128,0.013899677578057204,0.00949513710356024,0.005132227335442771,0.08585515868359284,0.8735860200168283,0.009184215101394243
BaselTMA_SP41_159_X12Y4_2161,0.19238491680689707,0.18449130672830574,0.2596701023120712,0.23820089230405933,0.01529043431497687,0.014349659224163643,0.0956126883095261
BaselTMA_SP41_134_X3Y8_176,0.13782508860244305,0.1342254724123683,0.17662883525781448,0.42053607198843335,0.02080680233609837,0.011301570199480753,0.09867615920336173
BaselTMA_SP41_204_X16Y4_237_233,0.20142754678215946,0.155379036612171,0.21042768079130073,0.2531823276857317,0.03499464047553368,0.036353082247033035,0.10823568540607048
BaselTMA_SP41_11_X13Y7_3290,0.033237781264252364,0.07374334138020575,0.09951981819440348,0.07336573199768877,0.28581703726686153,0.36715699869315027,0.06715929120343782
BaselTMA_SP41_204_X16Y4_237_8,0.014469207289105748,0.04394390752537082,0.05742302837793606,0.034440675641011484,0.2144947909122932,0.599201913396813,0.0360264768574697
BaselTMA_SP41_134_X3Y8_234,0.08750730425489911,0.12993033964134618,0.605701340853737,0.061791712723366546,0.009086795923241065,0.008874301047794114,0.0971082055556161
BaselTMA_SP41_11_X13Y7_1243,0.020687918935066805,0.061337400399588904,0.07460406266171407,0.03764703382979531,0.26284040503313955,0.4989830504066894,0.043900128734006075
BaselTMA_SP41_135_X8Y5_3127,0.031353373096895024,0.06501788798597813,0.06071696138992197,0.04245340193235813,0.1711155102387626,0.5783587760637852,0.050984089292298994
BaselTMA_SP41_11_X13Y7_3217,0.17519422238432458,0.15749348239824146,0.24236715168864925,0.255838610301328,0.03290160992077543,0.031096839285905384,0.10510808402077576
BaselTMA_SP41_126_X14Y7_1746,0.04242236035423595,0.09203825580906488,0.183710976278527,0.15123041014410013,0.29365195025567836,0.1284452732855874,0.1085007738728062
BaselTMA_SP41_18_X13Y5_762,0.09420922374946389,0.1384569585280376,0.22129516169571864,0.2124722531035397,0.1468863055649826,0.08722574548104847,0.09945435187720922
BaselTMA_SP41_203_X8Y8_527,3.8469972647289154e-05,0.0010695957702457671,0.00014721931676385552,8.17229280935723e-05,0.0040925850847467835,0.9944184043434541,0.0001520025840486514
BaselTMA_SP41_134_X3Y8_880,0.1057991354037298,0.13382564215670906,0.5223644226663845,0.1295592312024363,0.007073666096336616,0.011934525856764818,0.08944337661763894
BaselTMA_SP41_14_X1Y8_2568,0.1367705528740998,0.12706663854258896,0.42797715267206776,0.14277714316192394,0.016796128972766028,0.019654688869870658,0.12895769490668305
BaselTMA_SP41_18_X13Y5_1219,0.1315783530623433,0.13824256854343944,0.25531011078186566,0.30530576914791197,0.030059109411372138,0.02107048214897661,0.11843360690409077
BaselTMA_SP41_11_X13Y7_2886,0.020502488626236,0.07308214679613122,0.10177573728543983,0.07372902225272415,0.36137033973069554,0.31229805803175126,0.05724220727702205
BaselTMA_SP41_112_X5Y8_298,0.05947347867413081,0.11977980416358175,0.3890559840131545,0.2576162737201205,0.032360639042178674,0.015128702182102155,0.12658511820473153
BaselTMA_SP41_206_X1Y2_3026,0.03489237076466793,0.08340518398226794,0.10780113341788936,0.08163475900335004,0.27470070050655365,0.35022598161386714,0.06733987071140385
BaselTMA_SP41_135_X8Y5_430,0.16208432216247134,0.1347626835043648,0.20560536726154602,0.3252077471606219,0.031997823138335955,0.02613140055710511,0.11421065621555485
BaselTMA_SP41_100_X15Y5_2042,0.039588013795981036,0.08477897833467057,0.11472066041176197,0.07522299441704523,0.21093065218200394,0.4097535014706108,0.06500519938792665
BaselTMA_SP41_204_X16Y4_237_30,0.168755900834202,0.13379432044198644,0.2311548606143744,0.2654213853176066,0.04265200739943637,0.032183728267475016,0.12603779712491922
BaselTMA_SP41_134_X3Y8_1748,0.12778103442459626,0.12943587511894689,0.43657511695438755,0.16452414628849601,0.009437772592879475,0.014376383939488483,0.11786967068120532
BaselTMA_SP41_186_X5Y4_1179,0.018168846936963436,0.061027160902050126,0.08036807928982234,0.02300188924101606,0.19811581130878086,0.5860034519490998,0.03331476037226744
BaselTMA_SP41_159_X12Y4_1391,0.006046612752540028,0.022737880698528536,0.019978899558332423,0.005662023108003344,0.7887360320408006,0.14311644692965175,0.013722104912143351
BaselTMA_SP41_135_X8Y5_2977,0.1253279132971409,0.13664610191983376,0.15888044240401714,0.18965851682998447,0.14966519760744346,0.1353458444054383,0.10447598353614213
BaselTMA_SP41_165_X5Y6_308,0.050333967032539804,0.09949752279920192,0.7339731497524633,0.040987016804836574,0.0014217707321085493,0.0021688625166811724,0.07161771036216863
BaselTMA_SP41_117_X13Y3_4099,0.0007758452241822657,0.0061780392042995085,0.00196463584754952,0.001190298464750838,0.03262224612558749,0.9546583432658092,0.0026105918678208714
BaselTMA_SP41_117_X13Y3_1932,0.000462156657839857,0.004523041061957334,0.0019172321798602394,0.000923156793515981,0.03323244287376407,0.9569269845018386,0.0020149859312240323
BaselTMA_SP41_14_X1Y8_3119,0.18527431608976805,0.14432175270964165,0.24452739354956302,0.2266819510284916,0.041499690935061166,0.048305829282829525,0.10938906640464485
BaselTMA_SP41_165_X5Y6_1554,0.15849137071020958,0.1340844902910028,0.33057819155750395,0.2364886273271209,0.009010205329291334,0.013295266568802025,0.11805184821606954
BaselTMA_SP41_134_X3Y8_1549,0.14931700559299274,0.13135740542532726,0.21690474423316586,0.3543671766673227,0.0189778431347945,0.017343532987231312,0.11173229195916563
BaselTMA_SP41_177_X16Y5_130,0.17854218158842092,0.3572831538296152,0.1908408842549543,0.11010503613295282,0.060119183796365244,0.07005440360495818,0.03305515679273338
BaselTMA_SP41_126_X14Y7_1090,0.04744443067148075,0.0788163356758859,0.07553935749825458,0.055884830157302876,0.1772383549359943,0.5051677291469316,0.05990896191414978
BaselTMA_SP41_203_X8Y8_2049,0.000374417503462222,0.004130931442298924,0.001216190595048454,0.0006965205928428406,0.0206305361860749,0.9716254773719274,0.0013259263083452817
BaselTMA_SP41_204_X16Y4_238_343,0.06059748279881977,0.09806965838245568,0.11194397412324915,0.0678158217563536,0.1565654944671973,0.4349317778028023,0.07007579066912209
BaselTMA_SP41_206_X1Y2_3145,0.029020603492742634,0.06318077933623807,0.06115252191949578,0.03830032086193451,0.14105376570321193,0.622678484999195,0.044613523687182126
BaselTMA_SP41_141_X11Y2_848,0.12537819207485168,0.13631759276543837,0.17965152759468495,0.26974257808400226,0.11502638328508592,0.05528027651117411,0.11860344968476265
BaselTMA_SP41_11_X13Y7_4100,0.15979762828695995,0.14170415521079707,0.33465952557604833,0.15089369981195194,0.04357117232068932,0.0422937534728222,0.12708006532073127
BaselTMA_SP41_101_X10Y8_1777,0.021528115191474035,0.06973420960190514,0.09229861597904186,0.07109964247991764,0.3180786595287624,0.374620465905117,0.052640291313781916
BaselTMA_SP41_186_X5Y4_783,0.016622492003280358,0.057882254445623,0.06318243819400936,0.023913589927275058,0.1428629356425591,0.6683812522453256,0.027155037541927333
BaselTMA_SP41_186_X5Y4_2069,0.19092828287378788,0.1320585699296518,0.18905024409296625,0.33999112231203443,0.018704932828996365,0.03022245710321126,0.09904439085935202
BaselTMA_SP41_141_X11Y2_2159,0.014801906089510175,0.04537783407909319,0.04342184447642228,0.03333107711274315,0.19350750821441803,0.6370236437921504,0.032536186235662824
BaselTMA_SP41_129_X7Y8_1460,0.16315714139111645,0.12273447114918226,0.20206349262014636,0.21769456436123152,0.11182283219184713,0.05344113199587224,0.129086366290604
BaselTMA_SP41_11_X13Y7_4434,0.023535801432876056,0.07229724162112926,0.10086300199279073,0.07468048857638865,0.34794210534758974,0.3197594879141414,0.06092187311508397
BaselTMA_SP41_203_X8Y8_1690,0.21038287375599354,0.16522014751747216,0.1625143995338612,0.2453196959745991,0.06746117957332065,0.06405642608944892,0.08504527755530453
BaselTMA_SP41_191_X15Y7_3242,0.08775632199915559,0.10279633954455411,0.2833969600489646,0.17970647304812976,0.12681250973857208,0.0949045246077901,0.12462687101283378
BaselTMA_SP41_106_X2Y9_1894,0.0015270755536649315,0.01436013502847889,0.005385391229117005,0.0012090936031999044,0.510424143209136,0.4619493911448228,0.0051447702315806304
BaselTMA_SP41_112_X5Y8_1944,0.09062635997395312,0.12060954975447352,0.18600400092894376,0.10686592919452853,0.16940916479095056,0.23985467449610143,0.08663032086104902
BaselTMA_SP41_11_X13Y7_2486,0.02385983583290997,0.06145144474324335,0.07367656021899267,0.04771871053232135,0.23592186297037424,0.5088460079715157,0.048525577730642755
BaselTMA_SP41_100_X15Y5_2376,0.12479196989155528,0.11925651906966112,0.2466130756865461,0.36922683227674025,0.014378639130542279,0.014138677905421605,0.11159428603953346
BaselTMA_SP41_134_X3Y8_1484,0.19251406968945778,0.1573151530205333,0.20097780487626551,0.3247094469189595,0.014848715274004777,0.024067930880387948,0.08556687934039116
BaselTMA_SP41_14_X1Y8_978,0.20434177570880335,0.1414456748222625,0.19219925711555924,0.3067482729162234,0.024141052973895717,0.023955391638983352,0.10716857482427246
BaselTMA_SP41_203_X8Y8_2532,0.2094472137207373,0.18088462085308393,0.17371298238928684,0.231738426172792,0.058879569783500584,0.061708005028288236,0.08362918205231107
BaselTMA_SP41_186_X5Y4_1448,0.11112264858955886,0.1261677758042,0.5068280810425999,0.12243687221894796,0.006923516556274392,0.012197687321673877,0.11432341846674504
BaselTMA_SP41_133_X3Y6_3169,0.07065533528740767,0.11961099268040802,0.2002969949131709,0.2301806928885561,0.19554954632055238,0.08488117869331115,0.09882525921659388
BaselTMA_SP41_126_X14Y7_637,0.046369183567062135,0.09940221204060358,0.12780105491323307,0.06169607613694923,0.28419452510658194,0.3151774289006839,0.06535951933488608
BaselTMA_SP41_153_X7Y5_316,0.20081835786671426,0.1339834472210336,0.16688010324623465,0.33398836009629057,0.030187324194680606,0.028202475901543,0.10593993147350338
BaselTMA_SP41_100_X15Y5_3182,0.016739170845420478,0.05219031016071167,0.05912346715342408,0.03797285791577184,0.19635615720523542,0.6008456071576512,0.03677242956178519
BaselTMA_SP41_104_X8Y4_175_1418,0.07468717330193052,0.11777825947320941,0.2727162758838527,0.40468888164443756,0.01669569976378736,0.006994051667400493,0.10643965826538188
BaselTMA_SP41_191_X15Y7_4,0.05674909348301631,0.09644119942728295,0.17319579657132322,0.13373019898249716,0.26115514763575126,0.17382877845621178,0.10489978544391738
BaselTMA_SP41_126_X14Y7_390,0.08844514588421228,0.1076916392055747,0.2619949687094138,0.22001639250549865,0.1297110834692954,0.05655682284841567,0.13558394737758964
BaselTMA_SP41_135_X8Y5_15,0.0019798812827625713,0.011735268371338573,0.006615770454983744,0.003317032448172455,0.06115223670995601,0.9088043173500582,0.006395493382728397
BaselTMA_SP41_135_X8Y5_3269,0.026506212179640047,0.06845122616725674,0.07096343533723581,0.05048556443776981,0.2325474211303362,0.49751908702077485,0.053527053726986545
BaselTMA_SP41_186_X5Y4_2055,0.16646767224289014,0.12506403538554708,0.30395157033934417,0.22641865742137898,0.020588513911819577,0.02354366804729715,0.1339658826517228
BaselTMA_SP41_166_X15Y4_2203,0.13458359431511527,0.10421810350936116,0.35031174689106914,0.24402485556419387,0.010342351826156485,0.013228080595697281,0.14329126729840677
BaselTMA_SP41_100_X15Y5_1530,0.07987115060362512,0.11362828249372488,0.2892865977633337,0.3654834621761774,0.021583475031614046,0.010041925412410333,0.12010510651911448
BaselTMA_SP41_186_X6Y4_501,0.16898243917470465,0.12263707778055936,0.1676647870669896,0.4220085782337453,0.013053296334928712,0.015314226721752026,0.09033959468732047
BaselTMA_SP41_133_X3Y6_3842,0.05457743225824823,0.08684783558382628,0.14394600704823954,0.03485439015152713,0.5275621138006626,0.0931716929581155,0.0590405281993807
BaselTMA_SP41_14_X1Y8_294,0.16069091817005976,0.12506582066636665,0.17572056243986786,0.3725831161026511,0.03430364166449744,0.02788949699308033,0.10374644396347682
BaselTMA_SP41_101_X10Y8_1109,0.018496367022953927,0.06323565884358043,0.07819632246256983,0.05357423355583183,0.26361211868557993,0.4780330065904281,0.04485229283905593
BaselTMA_SP41_165_X5Y6_151,0.19361254734388336,0.16113165698705798,0.2120864508124853,0.3039127419105599,0.014417786684734984,0.025325791256909504,0.08951302500436889
BaselTMA_SP41_114_X13Y4_1057,0.04222894236257186,0.08957499762277786,0.11802201151718246,0.05838899842128082,0.29429441759409386,0.337233115866402,0.06025751661569136
BaselTMA_SP41_141_X11Y2_2596,0.025714451259666985,0.07300094337045818,0.09696007084707796,0.06762084228920846,0.2587067267453807,0.42558157129880303,0.052415394189404635
BaselTMA_SP41_100_X15Y5_170,0.17325567277498563,0.16113471710046082,0.17787315356334232,0.24717964062621844,0.06857698127821893,0.07555307768144523,0.09642675697532857
BaselTMA_SP41_14_X1Y8_2604,0.16489456862454321,0.13190156026555772,0.22907281842775024,0.351365582673664,0.007140292456401106,0.015819202131294237,0.09980597542078945
BaselTMA_SP41_186_X5Y4_81,0.16895359827774997,0.17122299767449534,0.34028031864771197,0.16472243139142528,0.023304987527929873,0.022166518858768938,0.10934914762191886
