,Stromal,B cells,T cells,Macrophage,Epithelial (basal),Epithelial (luminal),Other
BaselTMA_SP43_115_X4Y8_1,1.2307580303153708e-05,0.15723935867034425,6.231781414712821e-07,0.12839030873365348,0.00021362548524958558,1.1757048102527512e-11,0.714143776340551
BaselTMA_SP43_115_X4Y8_2,1.7585637472798027e-05,0.15014721126745445,5.867312910061988e-07,0.10156109112808441,0.007387108415496009,6.282085831799023e-11,0.7408864167573804
BaselTMA_SP43_115_X4Y8_3,4.95220165697208e-05,0.17640058239562592,8.17361860459643e-05,0.11488221744992777,0.012568262809871097,1.724813363496261e-05,0.6960004310083245
BaselTMA_SP43_115_X4Y8_4,7.276819567945382e-05,0.165401346057156,2.2418804900498766e-07,0.12216207550635501,0.000879037241836722,3.169280631092797e-11,0.7114845487792311
BaselTMA_SP43_115_X4Y8_5,3.5284037317051965e-05,0.21404826766344115,6.707365404782779e-06,0.23809163589188656,0.0005107836175114097,6.174467567143286e-11,0.5473073213626943
BaselTMA_SP43_115_X4Y8_6,5.5886425419120506e-06,0.02806300470628608,7.505711908482556e-08,0.012657158094199233,0.8751130553155106,9.024364285733972e-09,0.08416110915997888
BaselTMA_SP43_115_X4Y8_7,0.0006565108296074953,0.20380933548965832,2.0679913545702908e-07,0.1564925622147234,1.0382673409933876e-05,1.2144869369294585e-12,0.6390310019922508
BaselTMA_SP43_115_X4Y8_8,3.877437216777719e-05,0.18728234164470503,5.301352193328777e-08,0.13276170602976697,1.6787385369236756e-06,1.3473375182943966e-14,0.679915446201288
BaselTMA_SP43_115_X4Y8_9,8.726129109109836e-05,0.0014168432082988013,0.9965276707748872,0.0016439167930181607,2.9172743190890642e-05,2.1956668606444166e-14,0.00029513518949209175
BaselTMA_SP43_115_X4Y8_10,0.030220626009389445,0.009322358785927147,0.9479332677194606,0.007639472836966492,0.0001372779002845776,3.005282178365562e-11,0.004746996717918744
BaselTMA_SP43_115_X4Y8_11,0.0004493715608753519,0.0004142500967423246,0.9985987042832741,0.0002331036273609023,1.2417750045297528e-05,3.9100076654998673e-13,0.0002921526813108702
BaselTMA_SP43_115_X4Y8_12,0.04789696128615512,0.24146756305947675,0.10796348194291801,0.20661719620876803,0.05651396277077799,9.374242959917697e-08,0.3395407409894745
BaselTMA_SP43_115_X4Y8_13,1.2376566512171267e-06,0.0007217643919806086,3.3338383844213093e-10,0.00024276619603298422,0.9979579627926711,6.469151278560309e-07,0.001075621714152367
BaselTMA_SP43_115_X4Y8_14,7.700709503156177e-06,0.006045801945120277,8.068720843575095e-08,0.0025108005414568547,0.9792480330105724,6.344065058216707e-07,0.012186948699633071
BaselTMA_SP43_115_X4Y8_15,5.767575806625532e-08,1.737062818589578e-05,1.8043370733258036e-08,2.9735019472634933e-06,0.9999342828315427,3.299227457800583e-05,1.2305044617101023e-05
BaselTMA_SP43_115_X4Y8_16,9.471725033095503e-06,9.155381965188315e-05,3.5154515108482304e-06,2.0706193542646073e-05,0.9425910160568611,0.057157978712780576,0.00012575804061985195
BaselTMA_SP43_115_X4Y8_17,1.0909503336359785e-07,1.546355762226328e-06,2.223302102456442e-09,2.3713721273128517e-07,0.06453939447465579,0.9354576891594558,1.0215545779813893e-06
BaselTMA_SP43_115_X4Y8_18,2.606738775782393e-06,0.0059079740324552,0.04593780265473458,0.002373280181768744,0.9388039587682062,5.784767129893787e-08,0.006974319776388249
BaselTMA_SP43_115_X4Y8_19,5.780170192956278e-07,0.00019087096094570278,8.542388229462867e-11,5.733107639918701e-05,0.9995528796344549,3.445083284950124e-06,0.00019489514247200516
BaselTMA_SP43_115_X4Y8_20,5.4619969777098964e-08,3.651407247162589e-07,1.2816968818824831e-09,4.0669058078600525e-08,0.46788430424481614,0.5321150277100358,2.063336983803707e-07
BaselTMA_SP43_115_X4Y8_21,1.7144782820239124e-06,3.037328055765378e-05,5.372283647179635e-09,6.052856672861685e-06,0.4804861034420109,0.5194511594633597,2.459110683328493e-05
BaselTMA_SP43_115_X4Y8_22,4.757489955503541e-05,0.07251752572831094,0.00027330015877066575,0.038441289277043954,0.7657231795296421,5.875777254947604e-06,0.1229912546294223
BaselTMA_SP43_115_X4Y8_23,4.6860750238391816e-07,0.0001955838163483254,2.2601592410207748e-08,6.256308858768741e-05,0.9994374583285612,1.786687827521858e-08,0.0003038856905295781
BaselTMA_SP43_115_X4Y8_24,4.500494726292581e-09,2.5642264302890253e-06,2.0452560572397293e-11,4.2932153366741107e-07,0.9999949031879041,1.7089082029566917e-08,2.081654102633617e-06
BaselTMA_SP43_115_X4Y8_25,6.640162684744434e-08,1.4156803866954139e-05,3.496241154085375e-11,2.1318909805195905e-06,0.9999311873437076,3.367235851636447e-05,1.8785166339129168e-05
BaselTMA_SP43_115_X4Y8_26,1.0270269546401763e-06,0.009646155465088426,3.8078035205751436e-08,0.004109934028234522,0.9692142753312908,1.7046543225499382e-09,0.017028568365742115
BaselTMA_SP43_115_X4Y8_27,0.008057345213363392,0.320004482446026,0.0017991014952716284,0.2545080436603254,6.44213622673272e-05,3.523662455693947e-12,0.41556660581922256
BaselTMA_SP43_115_X4Y8_28,0.000672251932911043,0.25782365382582384,5.7684321672508575e-05,0.17335055585453957,9.15587720170843e-06,1.4289552282185088e-13,0.5680866981877083
BaselTMA_SP43_115_X4Y8_29,0.00020078269985546543,0.24463867336353348,9.970132477303005e-08,0.19087702955713606,4.257485600721207e-05,1.017472596388585e-13,0.5642408398220412
BaselTMA_SP43_115_X4Y8_30,0.41265100376325714,0.11200880582304923,4.0451248993974985e-07,0.07462025245618369,8.041140551169605e-05,4.9590693685742155e-09,0.4006391170804388
BaselTMA_SP43_115_X4Y8_31,0.00021619467890838652,0.17807218087603532,0.00020099339219772748,0.16744971359519592,0.342388753540666,3.094977496175544e-09,0.31167216082201904
BaselTMA_SP43_115_X4Y8_32,4.2073483684172534e-07,0.00021154550816595625,2.5944060319749266e-09,5.7151518774659836e-05,0.9994169819965285,3.7697214532563035e-07,0.00031352067514268353
BaselTMA_SP43_115_X4Y8_33,2.806359383168087e-05,0.002295058138343511,3.4334306713256607e-07,0.0009510521693651082,0.9922390366558268,3.5267993801679065e-05,0.004451178105763956
BaselTMA_SP43_115_X4Y8_34,0.0026729714030805742,0.19160411350289946,0.0006728148192552239,0.2034273068412948,0.2774523455381623,1.3641756801688427e-07,0.32417031147773967
BaselTMA_SP43_115_X4Y8_35,0.7413857974343825,0.055540229100634476,1.400878756031525e-07,0.033246375325662936,3.562832884184471e-05,7.714130007505125e-10,0.16979182895118952
BaselTMA_SP43_115_X4Y8_36,6.157153655976964e-08,5.246608790032974e-06,4.1900842788250146e-10,8.330149956612994e-07,0.9994895754404576,0.0005009820290253673,3.3009161863627208e-06
BaselTMA_SP43_115_X4Y8_37,8.399812901487439e-08,1.3660083393548934e-05,1.3357670390939004e-09,2.0212050384591144e-06,0.9998736294267627,9.458290721046308e-05,1.6021043698695725e-05
BaselTMA_SP43_115_X4Y8_38,6.3268153717094e-11,2.910271069677649e-10,9.357359800819041e-12,3.048653018166701e-11,0.00038422883054358494,0.999615770716891,5.842633749021566e-11
BaselTMA_SP43_115_X4Y8_39,0.25398287643205025,0.19675432890069308,1.1182057923730137e-05,0.20093091453218878,0.0022675448241885787,5.717673041382682e-08,0.34605309607622503
BaselTMA_SP43_115_X4Y8_40,1.833848086669991e-07,0.00028254001906193385,2.723557234327798e-10,6.87532730374113e-05,0.9991798482848484,1.1275099085975549e-07,0.0004685620148968108
BaselTMA_SP43_115_X4Y8_41,5.767831127105221e-11,9.57486489453051e-07,0.9999948978577827,1.4801422347693873e-06,2.488429685894353e-06,8.459115467650827e-17,1.760261287233692e-07
BaselTMA_SP43_115_X4Y8_42,6.927389503361138e-05,0.23813940662798208,4.624061051140789e-07,0.23908886336023963,0.018085534521340044,5.980048353013891e-11,0.504616459129499
BaselTMA_SP43_115_X4Y8_43,0.00011014564083250877,0.17308926143558775,3.6702700492386345e-07,0.1339927469750452,0.05433117997318886,9.134191980556952e-08,0.6384762076064209
BaselTMA_SP43_115_X4Y8_44,3.99234662015794e-05,0.169150753000965,6.666487502685628e-07,0.15255420325001556,0.007320096171142533,2.1464717315311473e-09,0.6709343553164533
BaselTMA_SP43_115_X4Y8_45,0.021761959576265713,0.208831838611325,1.1356402728126185e-05,0.16785824689555437,7.815360202172842e-05,7.344376771567673e-10,0.6014584441776675
BaselTMA_SP43_115_X4Y8_46,0.04315613562088662,0.21880881237671418,5.4959774227911146e-08,0.16690311641770392,2.6514769340170892e-05,2.496880521604403e-11,0.571105365830612
BaselTMA_SP43_115_X4Y8_47,1.704784359649748e-05,0.1783512590833777,6.621725934253024e-07,0.11911100579294488,0.20796788047881756,1.7099419656050259e-10,0.49455214445767565
BaselTMA_SP43_115_X4Y8_48,1.4169887120138192e-06,0.0008023635023625648,1.1598117203196563e-08,0.0002170462633271074,0.9978603982777594,2.688845799450453e-05,0.0010918749117270355
BaselTMA_SP43_115_X4Y8_49,3.356014440916761e-06,0.02275170106144898,0.923522838079872,0.03417319919853868,0.004616824739186889,2.034123159912445e-10,0.014932080703100176
BaselTMA_SP43_115_X4Y8_50,8.362210928141487e-06,0.001713674094473595,2.943004818330948e-07,0.0008270807511945816,0.9945723738150074,1.448335048235116e-07,0.002878069994409623
BaselTMA_SP43_115_X4Y8_51,8.631803254790354e-05,0.2519931794826363,0.0012596771058836682,0.2503875813824034,0.16344490342030193,2.4237012947050667e-10,0.3328283403338567
BaselTMA_SP43_115_X4Y8_52,5.26862261449702e-10,2.5659022640272224e-09,1.745401114028195e-10,3.5021793595262944e-10,0.000899025848956357,0.9991009699726936,5.608273280303867e-10
BaselTMA_SP43_115_X4Y8_53,1.6065067851641493e-12,4.662870810783025e-12,5.835687491794518e-14,4.492071919300839e-13,2.8950176744884735e-06,0.9999971049745301,1.018244445672309e-12
BaselTMA_SP43_115_X4Y8_54,3.6762832443708157e-11,1.2456632984803498e-10,7.421396900476046e-13,9.674901768659105e-12,0.0008292337107778945,0.9991707660838541,3.3621916168685085e-11
BaselTMA_SP43_115_X4Y8_55,2.5257940538680652e-05,0.1828706522206573,3.9021323163060117e-07,0.13171638694016077,4.680500135598239e-05,3.6560291026761314e-13,0.6853405076836899
BaselTMA_SP43_115_X4Y8_56,0.01101263146547215,0.19380461204018368,3.436822714286124e-07,0.1347903979601373,0.0022051959615827493,9.874113873669532e-10,0.6581868179029414
BaselTMA_SP43_115_X4Y8_57,0.06589500945904696,0.20751164858119334,0.005583034332879103,0.09533391925119501,6.902053426379657e-05,6.25035556739899e-11,0.625607367778918
BaselTMA_SP43_115_X4Y8_58,2.2069611012176447e-06,2.132055382183718e-05,0.9999520844990687,1.5337559001236402e-05,1.7739904856003373e-06,1.2553789015721362e-15,7.276436520378934e-06
BaselTMA_SP43_115_X4Y8_59,0.003486864880349557,0.17349909520600834,1.933163956203976e-08,0.10559491561144566,5.490574018463304e-06,1.0702641642257186e-12,0.7174136143954682
BaselTMA_SP43_115_X4Y8_60,0.06087523607353607,0.25235960745125774,4.083384122307466e-05,0.26648901368052164,0.01880920578239808,6.206645305112533e-08,0.4014260411046105
BaselTMA_SP43_115_X4Y8_61,7.016479475393994e-06,0.17006186796817932,2.7098663700155553e-08,0.12268612361633086,0.0001510475915683292,2.1601049760073286e-13,0.7070939172455665
BaselTMA_SP43_115_X4Y8_62,3.726679699704524e-08,6.246842120153016e-06,1.5379681419230998e-06,1.901569995338539e-06,0.9999834599707634,5.984476518529877e-06,8.31905663698034e-07
BaselTMA_SP43_115_X4Y8_63,1.0496780608715303e-06,0.0015215202291498516,8.401321823404454e-09,0.0004279871093131533,0.9958522366362899,4.507103533112473e-06,0.0021926908423313507
BaselTMA_SP43_115_X4Y8_64,0.02623286631279462,0.1938408238965548,6.805163201309588e-07,0.14225116184459785,1.5148219848118705e-05,8.976926063217953e-11,0.6376593191201152
BaselTMA_SP43_115_X4Y8_65,1.488060522173062e-05,0.1574975375260806,1.4371569853831964e-07,0.11718877442545896,0.00042120659755649575,5.669865875245479e-12,0.7248774571243137
BaselTMA_SP43_115_X4Y8_66,2.1858674107985205e-05,0.16881987603772233,2.622257021358535e-08,0.14241381532912828,0.00016091699799928585,3.339360312242055e-12,0.6885835067351325
BaselTMA_SP43_115_X4Y8_67,0.02086299057558293,0.3131602672589454,0.00018374922602419475,0.29029784080853344,3.1513002753439784e-05,7.095093549336397e-12,0.37546363912106545
BaselTMA_SP43_115_X4Y8_68,0.0068458784711437695,0.2608726457773195,0.00037959111566179923,0.19694884432820278,0.00638179978832318,9.090316574902567e-10,0.5285712396103172
BaselTMA_SP43_115_X4Y8_69,5.9939190096464235e-06,0.02152285888318319,1.7223003629133738e-07,0.009107690013625264,0.9206477265193898,1.200471621409419e-07,0.04871543838759386
BaselTMA_SP43_115_X4Y8_70,2.2337569470611838e-07,9.739144634413981e-07,6.207817029163834e-09,1.311237511527599e-07,0.19352340341788624,0.8064743717336814,8.902267060671032e-07
BaselTMA_SP43_115_X4Y8_71,8.162197631457238e-06,0.1581958698998297,5.163003774234799e-07,0.20547358886221137,3.404217402549259e-05,1.1375062454363874e-10,0.636287820452174
BaselTMA_SP43_115_X4Y8_72,0.0057211562723475246,0.20497228753425611,1.3526993573873375e-07,0.16336318424068674,0.0001522542714634839,9.043560603481603e-11,0.6257909823208748
BaselTMA_SP43_115_X4Y8_73,0.01599016021165225,0.2551254183506988,2.129152623577762e-07,0.21753695433114398,6.427416162718531e-05,1.3900566501950068e-11,0.5112829800157147
BaselTMA_SP43_115_X4Y8_74,7.108557573755946e-06,0.0016467124277592213,1.0914752305809766e-05,0.000634443315766951,0.9962903470909336,0.00014789929198126325,0.0012625745636793612
BaselTMA_SP43_115_X4Y8_75,8.743807027824224e-06,0.1472382770988657,1.1098648694142898e-06,0.20606811497305244,9.580925910758274e-05,1.5916491987220454e-09,0.6465879434054279
BaselTMA_SP43_115_X4Y8_76,0.00040950543533445767,0.3340498361459692,0.08514345008317448,0.32252470788524257,0.0003682465445995101,6.229844076745146e-13,0.2575042539050568
BaselTMA_SP43_115_X4Y8_77,1.1837140165201551e-06,1.6759914525115372e-05,2.3756457080262964e-08,3.2989954492498277e-06,0.9305260853697543,0.06944075837879556,1.1889871001965093e-05
BaselTMA_SP43_115_X4Y8_78,0.00011562829287826598,0.16800075579209106,2.8315143813021105e-08,0.10802176544907166,8.615462935276994e-07,2.4136985191416413e-14,0.7238609606044976
BaselTMA_SP43_115_X4Y8_79,0.0019031160299830814,0.19329402581187988,7.991796384249621e-08,0.13828379860279613,3.254149827850074e-06,9.557617498947087e-13,0.6665157254865935
BaselTMA_SP43_115_X4Y8_80,3.012552203934243e-06,0.02321648086148192,1.3180745780070837e-07,0.010542627826828507,0.9252364430022714,1.9202851590232928e-08,0.041001284746905065
BaselTMA_SP43_115_X4Y8_81,1.1733837386621498e-07,0.0001527334005313038,3.013565687694563e-10,4.0446941240904715e-05,0.9996120444338884,2.992180138910063e-08,0.0001946276628071885
BaselTMA_SP43_115_X4Y8_82,4.51031547037775e-06,0.04069963551459636,2.38627038682474e-07,0.017514548036885257,0.8291292427415035,1.4144269996669596e-08,0.11265181062023578
BaselTMA_SP43_115_X4Y8_83,0.10802895329667525,0.1933501641965408,3.63517772826635e-08,0.13715534531974571,1.4798626197310328e-05,3.7133525176520166e-11,0.5614507021719302
BaselTMA_SP43_115_X4Y8_84,0.06569619755105931,0.23999897189218,2.4941837694008622e-05,0.18625084724437913,0.05562382782338691,1.5774156940343926e-08,0.4524051978771438
BaselTMA_SP43_115_X4Y8_85,3.865840124982036e-06,0.0006854825896946947,2.8161052955684375e-07,0.00017590562565336944,0.9975954714833951,0.000533916244116575,0.0010050766064855735
BaselTMA_SP43_115_X4Y8_86,3.735945774701473e-06,0.0065790810083395,1.0653385895910166e-07,0.00222259006198891,0.980928953915845,6.9462102230342955e-06,0.010258586323969685
BaselTMA_SP43_115_X4Y8_87,6.661926260272416e-09,2.152160663984721e-06,5.937220897105872e-11,2.8324977339127736e-07,0.9999932808414738,2.5783142599786455e-06,1.6987125304978087e-06
BaselTMA_SP43_115_X4Y8_88,0.00023759377635399054,0.2589020860672868,3.167070288640912e-05,0.17335261354765497,5.551779586694763e-06,2.5322600653549625e-14,0.5674704841262058
BaselTMA_SP43_115_X4Y8_89,2.5837727332768222e-05,0.16633710183214287,1.747481476370646e-05,0.18766952183945546,0.0011291503376897277,3.153347774461569e-09,0.6448209102952677
BaselTMA_SP43_115_X4Y8_90,0.8662394258317135,0.039145628505195325,0.008588640442065514,0.026361265099533956,0.0003122111197211857,1.180310464523385e-08,0.0593528171986658
BaselTMA_SP43_115_X4Y8_91,1.3089755395284433e-05,0.003977070491918049,5.26273460647456e-07,0.00145145562246421,0.9882251058151236,7.562213153792136e-05,0.006257129910100392
BaselTMA_SP43_115_X4Y8_92,3.371859966785922e-05,0.016416325962314536,4.021602392364112e-06,0.007576225919599865,0.9589220342222929,0.0004395985273740665,0.0166080751663583
BaselTMA_SP43_115_X4Y8_93,1.6452522904773458e-05,0.15643196014699046,1.7906384094507194e-05,0.12405005163535336,0.47543233633414667,4.1140795822998113e-10,0.24405129256510222
BaselTMA_SP43_115_X4Y8_94,0.0007174478479354829,0.22950613310137108,4.177850535799906e-06,0.1835444313652018,2.2174933063845105e-05,2.3843212768552175e-12,0.5862056348995075
BaselTMA_SP43_115_X4Y8_95,2.6918536432992095e-09,7.356142049046659e-09,1.9408911336470142e-10,1.361490321318101e-09,0.00013451898370947933,0.9998654658797066,3.5330088505378056e-09
BaselTMA_SP43_115_X4Y8_96,0.04147407833262568,0.18345969960733785,2.2979929298739645e-07,0.11398193150513831,2.4919343513773494e-05,4.6245239218264503e-11,0.6610591413658462
BaselTMA_SP43_115_X4Y8_97,0.0007558203912237251,0.24236689701199848,9.677597218911167e-07,0.25808626618082103,6.729276817254698e-05,1.6588575732495845e-11,0.4987227558714739
BaselTMA_SP43_115_X4Y8_98,0.045007561543168005,0.2148514783157029,1.9564709787861262e-07,0.17251445526393422,0.0003153884022299786,5.446078301604618e-10,0.5673109202832591
BaselTMA_SP43_115_X4Y8_99,0.002064258084326387,0.20303451686357354,1.2415761008200052e-06,0.1557424175543163,6.8847435695544435e-06,5.415768260577484e-12,0.6391506811726976
BaselTMA_SP43_115_X4Y8_100,0.11468943668473369,0.18215142731208422,6.831638360472586e-08,0.1279737054640799,3.1300202991700016e-05,1.5161783408831233e-10,0.5751540618681091
BaselTMA_SP43_115_X4Y8_101,2.662791340961793e-05,0.13173159227790376,0.001161520345045871,0.10667318135112949,0.5891385437124624,8.037423383463017e-10,0.1712685335963066
BaselTMA_SP43_115_X4Y8_102,0.837666269431614,0.037040329171742326,5.550217348722982e-06,0.025421264958308237,0.0036345356842293897,2.7648995227352377e-07,0.096231774046805
BaselTMA_SP43_115_X4Y8_103,5.609278263186078e-06,0.16566580497859362,1.0947497948116511e-07,0.12499188913202304,7.521665501021701e-05,3.401077230706712e-13,0.7092613704807904
BaselTMA_SP43_115_X4Y8_104,4.964794332235866e-05,0.17980117275174534,1.1593987424007398e-05,0.16317312423763278,0.004299447093349774,8.21678835153453e-10,0.6526650131648468
BaselTMA_SP43_115_X4Y8_105,9.223418028043082e-10,4.207362745377262e-09,7.118599239146078e-11,4.407212949422676e-10,0.006493657761168587,0.9935063353060232,1.291196731447178e-09
BaselTMA_SP43_115_X4Y8_106,2.3120314598010266e-08,6.249117284746773e-08,1.7428231545990998e-09,9.962283304755193e-09,0.019326911830919752,0.9806729677150581,2.3137428208218742e-08
BaselTMA_SP43_115_X4Y8_107,1.2114209602864705e-05,0.1485541000241741,1.3613538113866398e-07,0.12578327928112187,3.486726242276247e-06,7.042147230366236e-13,0.7256468836227736
BaselTMA_SP43_115_X4Y8_108,1.501780072125744e-05,0.16993856913957894,1.73439489797959e-07,0.14688146719271936,0.0007819836032169517,1.806513327019468e-11,0.6823827888062086
BaselTMA_SP43_115_X4Y8_109,0.00033358393307518426,0.1656755279307697,2.591188332000089e-07,0.1069056841429937,1.239322436927423e-06,2.4637315892420297e-13,0.7270837055516449
BaselTMA_SP43_115_X4Y8_110,1.7188556794009006e-08,1.3262245540663727e-07,1.295931184135051e-08,1.7313633224094637e-08,0.19422954428271685,0.8057702454979945,3.013533130586965e-08
BaselTMA_SP43_115_X4Y8_111,1.5753736396927217e-06,0.0003847761700279323,1.797398666894537e-06,0.0001005234650132674,0.9990098689817994,8.687385314519496e-05,0.0004145847577075332
BaselTMA_SP43_115_X4Y8_112,0.008212157454322458,0.2123089453732075,1.8910529789720543e-06,0.14961576215301983,2.3881940607613134e-05,1.6715950398331134e-11,0.6298373620091475
BaselTMA_SP43_115_X4Y8_113,9.009008409930782e-06,0.04034754311840451,7.802828740568003e-07,0.02486924481345849,0.8668011026308191,3.3298939560047443e-09,0.06797231681613985
BaselTMA_SP43_115_X4Y8_114,1.8012154377634537e-06,0.00023248353475545714,7.35284180359341e-08,5.197396309088154e-05,0.9987019663328115,0.0006934427480133381,0.0003182586774729893
BaselTMA_SP43_115_X4Y8_115,3.3022299504573035e-05,0.07886759424594963,0.00015251963936275642,0.036723043723418024,0.6898532660445384,2.2158317739603727e-06,0.19436833821545277
BaselTMA_SP43_115_X4Y8_116,1.1690275245719996e-05,0.16357111039536823,4.29219714208844e-08,0.11273324774550463,0.00014906252827397943,4.0940911850119086e-13,0.7235348461332266
BaselTMA_SP43_115_X4Y8_117,5.274273715027055e-08,1.3758200666972335e-05,1.1867745103575433e-08,2.1960443574105405e-06,0.9999545400636985,1.6749510811585872e-05,1.2691569983220272e-05
BaselTMA_SP43_115_X4Y8_118,4.190973550597544e-07,0.00025097366247645063,5.205854349566402e-09,6.490881417089087e-05,0.9993380397641899,1.0333623407267019e-06,0.00034462009361269167
BaselTMA_SP43_115_X4Y8_119,0.10716960497817307,0.29456341939217023,0.032360939031291315,0.27610219518322765,0.0008996523777679116,9.870498896043925e-10,0.2889041880503199
BaselTMA_SP43_115_X4Y8_120,7.667905340173385e-10,1.7537873557759789e-09,5.594752415208858e-11,2.8437122731038457e-10,0.00020182225962129562,0.999798174351905,5.275772481762728e-10
BaselTMA_SP43_115_X4Y8_121,0.3167363472165349,0.15709015887661382,6.621194982407458e-05,0.11567461397034996,3.83197559094846e-05,3.1970437352276717e-09,0.4103943450337241
BaselTMA_SP43_115_X4Y8_122,2.8250684116726824e-07,0.0010683827371545929,1.6765928697344443e-05,0.000569684797180663,0.9980965520429763,2.4566401498765857e-08,0.00024830742074841025
BaselTMA_SP43_115_X4Y8_123,6.934288620015773e-07,0.0003615739178895275,2.484990079771662e-09,0.00012768155722157329,0.9989988487747059,3.85860834519402e-08,0.0005111612502474144
BaselTMA_SP43_115_X4Y8_124,1.692282367249546e-07,0.0003228487177066005,1.512778087303828e-08,8.676755785746812e-05,0.9991954595653602,4.9205635225713274e-08,0.00039469059742293415
BaselTMA_SP43_115_X4Y8_125,4.700402151685019e-06,5.866888535344717e-05,7.624479779897349e-09,1.3925811032159205e-05,0.9647787300266347,0.03508063133259052,6.333591775757384e-05
BaselTMA_SP43_115_X4Y8_126,0.0005280909686847995,0.20556119121796715,4.825402175513199e-08,0.14885677691611188,1.8818858258114174e-05,4.842483760894636e-13,0.6450350737844721
BaselTMA_SP43_115_X4Y8_127,0.00937086227029605,0.18272005835135355,1.8816105761213492e-07,0.10214729182851309,8.684849846703439e-06,2.214824269201034e-12,0.7057529145367183
BaselTMA_SP43_115_X4Y8_128,0.5985079447146929,0.11420912104600582,8.675865344779645e-05,0.09090294280849628,0.0005751862466790399,1.0264653048690602e-08,0.19571803626602502
BaselTMA_SP43_115_X4Y8_129,1.1471725653168147e-05,0.15390890898886717,8.700676073202949e-08,0.12253988166678251,0.00013762290932041435,3.7582673129887656e-12,0.7234020276988578
BaselTMA_SP43_115_X4Y8_130,5.2229878882266495e-05,0.2037218547065933,7.856796569362535e-08,0.15395531945190905,8.083576164607323e-07,8.203817805470097e-15,0.6422697090370251
BaselTMA_SP43_115_X4Y8_131,0.0008582424734845961,0.20560576363345945,6.928888422259804e-07,0.17290716455010832,3.9949463697657e-06,2.3880978798038036e-12,0.6206241415053475
BaselTMA_SP43_115_X4Y8_132,6.10546170648084e-07,1.746513956896631e-06,1.945913116420149e-08,3.206448644646882e-07,0.9580075726455324,0.04198865152708283,1.0786632614244713e-06
BaselTMA_SP43_115_X4Y8_133,0.007219729542531102,0.20428050193257705,2.7275499235241396e-08,0.14665483227867782,6.208601573093052e-05,1.2538951496972645e-11,0.641782822942445
BaselTMA_SP43_115_X4Y8_134,2.3229498085561868e-08,1.9844893592550942e-05,2.135957224477103e-10,3.3786647011859006e-06,0.9999575404749055,1.0280987241188122e-06,1.818442498298993e-05
BaselTMA_SP43_115_X4Y8_135,0.0017681627483546465,0.22409045810899822,2.554593837817796e-07,0.16750264303879736,0.0008435799018577177,2.6327141078992697e-11,0.605794900716281
BaselTMA_SP43_115_X4Y8_136,0.4889822173064791,0.14492412810816138,0.0004087209848176229,0.12569882980741534,0.008171887789608477,1.3971536771842334e-07,0.2318140762881503
BaselTMA_SP43_115_X4Y8_137,9.764157796830559e-05,0.003884365481474947,3.84199960116811e-05,0.001971210130046382,0.9629527850259917,0.02864069166893315,0.002414886119573987
BaselTMA_SP43_115_X4Y8_138,1.3136582632085393e-07,6.427175432716703e-07,3.5232159661995094e-09,1.5576945258392992e-07,0.0026817717721052494,0.9973168753185659,4.195332906073786e-07
BaselTMA_SP43_115_X4Y8_139,5.014875419615803e-08,9.504592910553785e-08,1.5591451496051417e-09,2.257949078598396e-08,0.0021675911005842605,0.9978321982805797,4.128551656454921e-08
BaselTMA_SP43_115_X4Y8_140,2.4539972491641117e-05,0.15818991832156076,9.927192589960538e-07,0.13284538591461964,2.606545423946658e-05,6.626452967369786e-12,0.708913097611203
BaselTMA_SP43_115_X4Y8_141,2.843020271497612e-06,0.019409256523750803,3.640236920974587e-05,0.01246725137564703,0.9573763728811538,1.8168979914700777e-08,0.01070785566098707
BaselTMA_SP43_115_X4Y8_142,0.07649104113440122,0.17048814317895658,2.914269928104699e-07,0.10931297137669155,1.0343774880431656e-05,9.845981806344016e-11,0.6436972090096175
BaselTMA_SP43_115_X4Y8_143,0.9957580279131667,0.0011400117495983624,7.260506074827738e-05,0.001083790098763703,1.3395439778779445e-05,1.0261966044284485e-06,0.0019311435413398084
BaselTMA_SP43_115_X4Y8_144,0.00964155541216647,0.21879480197119522,1.379317801154155e-06,0.15216912491561882,0.00095610276853829,1.8598293083425558e-10,0.6184370354286971
BaselTMA_SP43_115_X4Y8_145,3.030164855177695e-05,0.0006728729673275023,6.588219012955733e-07,0.00036419399423611495,0.04254186342161963,0.956036824606576,0.0003532845397875192
BaselTMA_SP43_115_X4Y8_146,2.6503856093769736e-07,7.376024217082214e-07,5.29080429401857e-08,1.6000878543261472e-07,0.060346274662018945,0.9396522270516148,2.827285553227812e-07
BaselTMA_SP43_115_X4Y8_147,3.1773794545386326e-06,0.005648518693878213,0.06827815843456518,0.0017407209086195408,0.9136385319931885,4.438217862507666e-07,0.010690448768507922
BaselTMA_SP43_115_X4Y8_148,0.0012012446314163248,0.1847536211701583,5.8588495876385846e-08,0.11501132343970694,2.8982798680424004e-05,1.3052151092838499e-12,0.6990047693702368
BaselTMA_SP43_115_X4Y8_149,0.005062715558226287,0.19862419525156078,3.0657962722380895e-08,0.17616470032811501,0.00019480796238552633,2.163148772242813e-10,0.6199535500254348
BaselTMA_SP43_115_X4Y8_150,0.11681056586181233,0.25417670283104526,4.55676384129252e-06,0.28558812489905633,0.00012182196745020515,6.76408927994656e-10,0.34329822700038565
BaselTMA_SP43_115_X4Y8_151,1.0753775463547733e-08,2.0256393408566532e-06,0.9999877646968587,4.249187032481815e-06,5.744220432238369e-06,5.967560400297898e-15,2.055025540158665e-07
BaselTMA_SP43_115_X4Y8_152,0.07266168175427712,0.19631631241731698,1.4184581824485717e-06,0.13194503359722334,7.229822171523027e-05,2.495073202346908e-10,0.5990032553017776
BaselTMA_SP43_115_X4Y8_153,8.145658816024238e-07,0.00045436078669054,7.619784517586198e-09,0.00011652736614637902,0.9985807316536098,1.6788122337329996e-06,0.0008458791956535151
BaselTMA_SP43_115_X4Y8_154,4.1073891513712065e-08,1.5591491141574352e-07,1.9282692759144586e-08,3.8362046732269596e-08,0.001269323314117767,0.9987303598377765,6.22145632594684e-08
BaselTMA_SP43_115_X4Y8_155,0.0026030991066906934,0.24883414299379372,1.443064743957377e-05,0.23514468296036237,4.4088020659079274e-05,2.974088728120725e-11,0.5133595562413136
BaselTMA_SP43_115_X4Y8_156,0.2190731533435017,0.18546177273812292,1.4691333672982027e-05,0.12611595457216102,0.0005089524937119841,2.6820641789411118e-09,0.4688254728367653
BaselTMA_SP43_115_X4Y8_157,1.1154383338730195e-06,9.959292213413972e-06,2.0400565218251094e-08,2.8245529815304138e-06,0.025147426093834947,0.9748325779064562,6.076315614644865e-06
BaselTMA_SP43_115_X4Y8_158,2.022566294570495e-07,2.719459159999984e-05,6.629039451587443e-09,4.8731576839875906e-06,0.9996820764249285,0.0002607051106037154,2.494182951498896e-05
BaselTMA_SP43_115_X4Y8_159,0.14094196532459302,0.21759163430800318,3.0903571059127443e-06,0.1655099435604989,0.0008073783029210854,1.4464360643788037e-09,0.4751459867004419
BaselTMA_SP43_115_X4Y8_160,1.1533537289638993e-06,3.229440538121709e-06,9.84407985776032e-07,1.072191002934165e-06,0.025785895629195796,0.9742065492042493,1.1157732989744459e-06
BaselTMA_SP43_115_X4Y8_161,5.918738624556199e-06,0.0009046408399246169,1.0540723770515456e-06,0.000324289533767105,0.9977968051527802,0.00010816113026119404,0.0008591305322651279
BaselTMA_SP43_115_X4Y8_162,6.018532125708804e-07,0.00013572302658486932,3.1411310749257256e-08,3.2206356054168174e-05,0.9996508923734174,3.1074550511377154e-05,0.0001494704289086269
BaselTMA_SP43_115_X4Y8_163,8.121632380109545e-06,0.1527133730497215,4.575358699091137e-08,0.11912463620560257,0.0004649853250216463,4.828137713787016e-12,0.7276888380288591
BaselTMA_SP43_115_X4Y8_164,1.2997375659935909e-05,0.17107540263998106,6.445119235026056e-07,0.1802242898652131,0.0002538378549682527,5.953098837830471e-11,0.6484328276927233
BaselTMA_SP43_115_X4Y8_165,8.092323848180838e-05,0.284950238543712,0.00019621157713865637,0.27725656497472917,0.04171029407603079,3.9115842141033984e-11,0.39580576755079183
BaselTMA_SP43_115_X4Y8_166,0.0005339434736734292,0.2040541538215062,0.00011376949681528733,0.1760314146843523,0.025289070926430245,8.879592707326627e-09,0.59397763871763
BaselTMA_SP43_115_X4Y8_167,2.4193948195743497e-05,0.20063024139396776,3.136375336533143e-06,0.15908831329899564,0.003614586269932995,1.7902567305815703e-11,0.6366395286956689
BaselTMA_SP43_115_X4Y8_168,0.49284679023892713,0.11977765055596518,9.608137287152989e-08,0.07745168729338038,0.0005717834088795086,1.176778580656704e-09,0.30935199124469626
BaselTMA_SP43_115_X4Y8_169,1.0698845286064505e-05,0.18002948305350483,1.8972299836202353e-07,0.12367713939941148,0.00015836327508949463,2.3295173391071825e-13,0.6961241257034768
BaselTMA_SP43_115_X4Y8_170,0.03736318726975244,0.18786791497733848,4.555384028963667e-06,0.1375865480523892,0.20736593697576286,3.574142719640861e-08,0.4298118215993011
BaselTMA_SP43_115_X4Y8_171,1.8289881633408227e-06,0.002017013897667133,3.4408173430421696e-08,0.0006782689832676449,0.9942675905387225,9.736062338621077e-07,0.0030342895777720415
BaselTMA_SP43_115_X4Y8_172,2.3992965630762927e-06,0.002135375687435231,2.3176144333664926e-05,0.0006218409979590807,0.9941432317778206,8.245990106986405e-06,0.003065730105781422
BaselTMA_SP43_115_X4Y8_173,2.7182968048907247e-06,0.00454254969121829,1.736340404839825e-07,0.0018415260779519494,0.9884705638722474,7.77239813461252e-07,0.005141691187923559
BaselTMA_SP43_115_X4Y8_174,5.74871748898608e-05,0.20236224651683488,4.929435114326847e-07,0.16278346793071793,2.1616426516778042e-06,7.219510708303289e-14,0.634794143791322
BaselTMA_SP43_115_X4Y8_175,0.0007577129394911707,0.2746893016130313,4.54515002793083e-05,0.2599755430154538,0.0010440947083343868,3.5537868053783495e-11,0.4634878961878721
BaselTMA_SP43_115_X4Y8_176,0.0023614883840864607,0.22099022902753251,3.2270413583660217e-06,0.19577467309667243,0.07985159742248248,5.817203779139592e-09,0.501018779210664
BaselTMA_SP43_115_X4Y8_177,8.948890439356407e-05,0.0004297855925131602,3.929986655264466e-05,0.00022301977225732571,0.65166261328206,0.34738245307802723,0.00017333950419625053
BaselTMA_SP43_115_X4Y8_178,0.029745813634689852,0.22748242967536225,2.027852848998593e-07,0.1973119554227946,1.1699281496526348e-05,3.142889142957266e-11,0.5454478991689431
BaselTMA_SP43_115_X4Y8_179,0.009488698725934034,0.22592966426450783,7.647030795169213e-06,0.3330581544166742,0.00025376241071323446,2.6799108131357574e-08,0.4312620463522675
BaselTMA_SP43_115_X4Y8_180,5.878174912615386e-05,0.16387767148660382,8.766126597605405e-08,0.1139581012523879,6.74984391547321e-05,1.5362889398749017e-12,0.7220378594099252
BaselTMA_SP43_115_X4Y8_181,0.14588583631741658,0.20818148826262575,2.341192272873201e-06,0.15548197167637773,4.3051806932167466e-05,2.0045477152589428e-10,0.49040531054392006
BaselTMA_SP43_115_X4Y8_182,6.332387448048516e-06,0.16221297272085133,1.2312147317092384e-07,0.1118768019200834,0.00016443340333793333,3.8611173539703153e-13,0.72573933644642
BaselTMA_SP43_115_X4Y8_183,0.05792854914956863,0.2538096297717103,0.27054502380726475,0.22017292260277016,0.0006714379083514945,9.518086605036777e-11,0.19687243666515394
BaselTMA_SP43_115_X4Y8_184,0.044947419733518554,0.19267776558272054,5.183294169246367e-06,0.12334546694704879,0.0012477824524965847,2.3844084994854477e-09,0.6377763796056378
BaselTMA_SP43_115_X4Y8_185,0.24813621935617497,0.1789546317114336,4.165415933269218e-07,0.1300560355656525,4.77063603593228e-05,2.4409424157620786e-10,0.44280499022069214
BaselTMA_SP43_115_X4Y8_186,2.178891425219984e-05,0.19077987367549676,2.1153564414727278e-06,0.16588671787802603,0.007845085831608218,1.01898059746071e-10,0.6354644182422772
BaselTMA_SP43_115_X4Y8_187,0.0785478446780553,0.20438049158893498,1.9268867785284836e-06,0.1731101763538586,0.00032078743758154197,4.370184056844411e-09,0.543638768684607
BaselTMA_SP43_115_X4Y8_188,0.00010799612522064375,0.07509199794590389,3.229342844242501e-07,0.050408805898922486,0.682285764706697,1.0376413738302336e-09,0.19210511135133015
BaselTMA_SP43_115_X4Y8_189,0.4612888967862574,0.13453994918893364,1.502646261188992e-06,0.09639883664861738,0.0002728557885879464,1.935625557922938e-09,0.3074979570057169
BaselTMA_SP43_115_X4Y8_190,2.7819296003044276e-07,0.0001013796457513683,2.0123173350792025e-08,2.4889912982378536e-05,0.9997608259791726,1.6334928872071928e-06,0.0001109726530731117
BaselTMA_SP43_115_X4Y8_191,2.472759010799892e-07,3.1956387238302205e-05,2.1669738272688464e-08,5.098246929582852e-06,0.9963822423978361,0.003552730339111619,2.770368324500235e-05
BaselTMA_SP43_115_X4Y8_192,0.06308668105860213,0.22165303978954115,3.998546723910042e-06,0.15476243244774246,0.00018765739739128176,2.412474522426801e-10,0.5603061905187517
BaselTMA_SP43_115_X4Y8_193,4.035676946905864e-06,0.018335127337230445,1.7701372323418097e-07,0.007027937805500968,0.9353944674705008,2.1012852225073507e-07,0.03923804456757539
BaselTMA_SP43_115_X4Y8_194,1.6023280020749042e-06,0.0014119438884124913,1.5157417167805818e-08,0.0004896517135790808,0.9961580300444063,7.526432258414577e-07,0.0019380042249569891
BaselTMA_SP43_115_X4Y8_195,0.01334240729637155,0.25432984332261627,4.755082305509436e-06,0.2030946768743267,1.326293106481983e-05,6.701576768415732e-12,0.5292150544866135
BaselTMA_SP43_115_X4Y8_196,1.7463626832164042e-06,0.002813137110735782,1.0513144291155431e-07,0.0011093765961725642,0.9917692916003449,5.0559711518068433e-08,0.0043062926389089455
BaselTMA_SP43_115_X4Y8_197,0.02739708897650201,0.257644520778832,4.4264973735922123e-07,0.24857292708538237,0.00011288422268522643,9.001980055298906e-11,0.46627213619684127
BaselTMA_SP43_115_X4Y8_198,0.31789430250286516,0.1952736880620009,3.246480075327346e-06,0.15154348571513312,0.0003655586740100256,4.84152112270432e-10,0.33491971808176335
BaselTMA_SP43_115_X4Y8_199,0.00017442952754998585,0.1402877592581191,5.349493499401064e-06,0.08515256465716797,0.4318559662513972,4.378524997855891e-05,0.34248014556228784
BaselTMA_SP43_115_X4Y8_200,7.649610458586022e-06,0.1951314415045646,1.1901188648702585e-06,0.14420175539339833,0.00027328272381936975,4.0085518924033724e-13,0.6603846806484934
BaselTMA_SP43_115_X4Y8_201,2.4940900390291288e-05,0.19254068953275397,9.991500410450007e-06,0.15237397809060915,0.040759434702445786,2.2879468545533257e-09,0.6142909629854435
BaselTMA_SP43_115_X4Y8_202,2.396153810903918e-07,1.1820006466034473e-05,0.9999699298621408,1.1642157040736577e-05,3.19641471738028e-06,2.4431395761764127e-15,3.1719442512733432e-06
BaselTMA_SP43_115_X4Y8_203,4.528466124656209e-06,2.870558971616583e-05,0.9999346310604524,1.965988952514501e-05,1.942192355895898e-06,1.896872237648238e-15,1.0532801823652608e-05
BaselTMA_SP43_115_X4Y8_204,1.1427207333369875e-05,0.024737681804396384,1.0580762466770115e-06,0.012201795139585574,0.9088356830506051,7.498273163338659e-08,0.05421227973910125
BaselTMA_SP43_115_X4Y8_205,0.10431218497940355,0.17997851580057064,2.902328686221358e-07,0.132080964774999,0.0038112748904152974,1.817707541928187e-08,0.5798167511446676
BaselTMA_SP43_115_X4Y8_206,0.0022734012574116033,0.19762650201330123,3.921532068819715e-08,0.13937846097216272,7.949421518658173e-06,1.1952641871964327e-12,0.6607136471190898
BaselTMA_SP43_115_X4Y8_207,2.709219837273438e-07,0.00013830018540024106,1.610436534057083e-08,3.1414813786058927e-05,0.9996854512813316,1.2392157461028605e-05,0.00013215453567210663
BaselTMA_SP43_115_X4Y8_208,0.005998676780787693,0.191047970303244,5.007590071815868e-08,0.1331876785500107,1.1511546969178799e-05,5.816999656958905e-12,0.6697541127372708
BaselTMA_SP43_115_X4Y8_209,0.9365527677198066,0.015945146496156377,4.7963598493617295e-06,0.015970479173067764,3.641954973140865e-05,1.9456111817760245e-07,0.031490196140270314
BaselTMA_SP43_115_X4Y8_210,0.9482700792162826,0.014653935682661665,1.2998004096375452e-05,0.011455966439325505,1.0808239758493321e-05,3.606432632811812e-09,0.025596208811442568
BaselTMA_SP43_115_X4Y8_211,0.5582393892010283,0.09119232700512143,5.291703963958148e-06,0.0572287783855771,3.263272357682978e-05,2.7131164575342323e-09,0.29330157826761594
BaselTMA_SP43_115_X4Y8_212,2.7388226010262456e-05,0.16733531233978693,1.1163076232692316e-06,0.1081687452427315,0.07881349844096976,7.872323975590386e-11,0.645653939364155
BaselTMA_SP43_115_X4Y8_213,0.0002787092674302229,0.04884233960301329,9.477107143073394e-06,0.029160869282268125,0.7901053306692503,1.1823328739152098e-08,0.1316032622475664
BaselTMA_SP43_115_X4Y8_214,1.7133166565209958e-06,0.00014109478570287817,1.5076617216894382e-07,2.6526308955963745e-05,0.48605570325750186,0.5136522303241084,0.00012258124090229006
BaselTMA_SP43_115_X4Y8_215,6.762898453305894e-05,0.17112422653074516,4.827332844867563e-06,0.11987553531735538,0.14327469940823195,6.939751691452677e-10,0.5656530817323143
BaselTMA_SP43_115_X4Y8_216,1.3158801164802494e-05,0.04459800766190292,4.8505074763846954e-08,0.026863539527807023,0.8396912544791328,2.0560729294647704e-08,0.08883397046418841
BaselTMA_SP43_115_X4Y8_217,1.5359621817641245e-05,0.02508782861531043,1.145857099807073e-07,0.012763033598979621,0.8961065828274305,8.396114399461995e-09,0.06602707235463734
BaselTMA_SP43_115_X4Y8_218,0.08473761616275757,0.23310519959232345,7.959301689281884e-07,0.19169864541548617,0.00010424846676531857,1.8015877084327698e-10,0.49035349425233987
BaselTMA_SP43_115_X4Y8_219,3.798526118822151e-05,0.019077433991210344,1.7121310022910542e-06,0.006752220987710902,0.933361489012661,0.0007598540724514299,0.040009304543775895
BaselTMA_SP43_115_X4Y8_220,5.535831865440054e-06,0.0007751174183602541,6.313456062881529e-07,0.0002055951420017546,0.9958562807738447,0.002183908184926654,0.0009729313033946462
BaselTMA_SP43_115_X4Y8_221,9.668124724199201e-06,0.1592745571510504,7.224680766176176e-08,0.10555914412778843,0.0007989601189976242,1.3536729153588758e-12,0.734357598229278
BaselTMA_SP43_115_X4Y8_222,0.9589379241782807,0.01155127151340155,3.226434210194752e-08,0.008369363536284887,3.3715409511790856e-05,7.871915779544984e-10,0.02110769231098752
BaselTMA_SP43_115_X4Y8_223,1.4892560341645297e-07,3.894117314970806e-06,1.9619248325977896e-10,6.306385178387357e-07,0.9979296540202012,0.0020626419789407397,3.0301232293835245e-06
BaselTMA_SP43_115_X4Y8_224,1.6467804403696397e-06,0.00032925694408553755,1.134583924951439e-06,6.615088084448159e-05,0.9902163300986747,0.009045234052762422,0.0003402466592676053
BaselTMA_SP43_115_X4Y8_225,2.0092653903372473e-05,0.018004476026048107,1.7320536385010184e-06,0.0070392271515904775,0.9345434583643382,1.3309381648053739e-05,0.04037770436883347
BaselTMA_SP43_115_X4Y8_226,0.00022849734874515087,0.03546049627312612,0.8817150490793064,0.039975476028140104,0.003753144860715292,3.740361969919614e-09,0.03886733266960506
BaselTMA_SP43_115_X4Y8_227,1.865516014087021e-05,0.1775852016403719,5.753947603754769e-08,0.13159513284759633,0.0001473229927793949,5.955806548142722e-13,0.6906536298190399
BaselTMA_SP43_115_X4Y8_228,1.148464924875152e-05,0.18892149830226598,1.2817893173672702e-08,0.13735309457819653,0.006659950148239534,1.6187987569500573e-12,0.6670539595025373
